 12
 27 49
 36 54 62
 94 63 74 86
 67 18 46 44 53
 69 34 58 63 84 65
 14 46 23 21 63 77 20
 55 17 20 22 47 36 06 56
 29 12 52 41 62 51 94 47 49
 82 26 33 04 54 39 59 07 12 84
 81 26 66 18 85 62 57 54 96 29 32
 12 55 02 37 53 82 41 92 80 16 60 08
 16 06 20 34 01 86 00 15 03 45 66 39 03
 15 41 17 94 97 79 30 43 01 98 38 63 80 87
 86 90 57 53 96 83 56 34 77 46 12 79 93 33 53
 14 52 02 94 88 94 75 68 73 51 01 45 76 09 42 84
 30 55 74 41 81 56 51 30 76 87 59 32 79 83 27 51 56
 05 18 28 87 67 14 99 62 86 20 85 39 18 90 37 57 71 54
 70 70 54 28 16 30 19 79 18 07 37 72 89 61 95 40 97 61 73
 00 50 17 96 91 54 72 18 11 23 35 78 26 02 36 50 61 31 46 42
 88 72 38 94 14 34 59 04 08 47 54 11 03 99 98 31 15 42 97 83 09
 54 63 47 00 95 25 65 05 35 69 23 25 03 39 80 18 18 63 10 13 94 31
 74 14 19 49 72 80 29 60 72 04 76 51 48 54 83 77 77 23 64 94 28 24 31
 13 29 43 07 01 27 17 60 06 03 01 76 15 06 60 56 43 08 72 94 13 58 16 66
 23 33 13 94 54 61 85 15 76 33 52 88 81 72 95 31 00 62 01 54 89 17 48 12 94
 95 18 36 99 78 80 36 93 95 52 30 19 15 56 03 52 17 39 97 82 49 12 42 18 50 26
 06 79 06 03 51 91 49 64 27 41 94 28 26 64 03 74 17 33 62 51 14 94 30 84 53 60 66
 13 88 50 24 06 27 03 39 29 30 27 64 71 02 32 46 00 74 23 69 66 76 69 55 89 37 34 77
 38 34 94 71 49 54 02 56 44 57 10 16 77 79 15 90 77 28 25 33 67 26 58 95 95 69 12 62 60
 61 54 60 20 66 42 20 16 75 49 12 05 99 20 63 72 85 30 50 69 70 57 37 48 55 77 14 54 81 61
 26 13 29 83 57 56 43 34 61 35 24 14 57 29 77 99 57 65 14 63 75 73 62 04 77 35 08 43 54 38 40
 69 41 69 13 22 15 27 70 83 50 39 16 70 82 66 04 48 67 10 45 07 60 70 21 49 82 59 79 48 34 40 47
 93 69 66 17 87 77 52 31 21 92 00 45 73 64 35 85 24 25 66 41 72 56 45 75 91 95 69 01 98 81 80 41 76
 63 16 07 83 26 96 87 67 00 71 43 10 38 16 42 86 23 24 34 10 76 49 17 65 99 40 75 31 67 49 89 59 32 01
 64 06 64 94 85 10 87 58 63 80 07 56 61 63 31 59 45 85 32 92 88 92 66 09 09 59 81 86 92 07 17 84 58 57 04
 13 11 25 80 17 87 99 68 10 71 46 41 08 22 52 96 64 84 60 37 30 94 33 18 74 28 68 06 50 55 95 99 26 53 09 57
 74 64 27 68 96 38 11 40 70 06 68 86 75 86 18 17 60 01 36 98 67 11 57 59 71 42 11 84 21 96 47 11 68 67 22 86 91
 96 62 04 35 19 27 75 24 12 06 10 68 98 95 07 37 79 59 71 94 84 18 55 30 42 95 41 28 73 18 31 32 92 98 16 35 84 21
 29 89 05 02 62 63 03 27 61 50 08 61 52 55 95 82 62 86 50 00 62 63 81 29 76 60 62 10 14 24 60 24 65 51 35 03 44 60 51
 03 05 62 46 12 33 21 48 61 37 97 07 29 47 85 37 80 13 79 32 99 59 72 14 00 40 27 30 17 48 55 91 37 21 44 76 03 04 54 97
 85 38 61 21 42 91 55 99 56 28 41 41 22 31 04 03 41 58 48 32 97 15 42 09 06 77 34 05 71 65 99 33 49 24 88 39 71 96 54 18 85
 12 59 91 57 48 40 96 26 08 43 79 87 88 39 75 88 90 04 76 36 13 99 63 35 54 58 91 40 88 79 50 37 82 43 24 01 11 81 12 03 23 64
 10 97 88 49 13 30 21 67 02 53 48 37 09 63 08 02 58 97 57 62 86 58 45 63 18 91 78 06 84 04 68 22 96 06 11 46 98 38 88 95 34 97 06
 97 39 58 37 05 66 81 14 16 14 19 67 32 14 40 51 02 52 76 48 60 98 86 60 77 77 95 11 72 41 67 14 55 18 53 35 40 04 11 90 10 05 98 87
 20 65 17 05 13 77 42 46 42 43 53 94 03 17 99 77 63 28 22 77 94 87 08 39 19 67 95 41 59 15 82 41 90 12 33 25 22 81 84 83 73 37 42 02 50
 78 32 34 18 72 31 82 43 65 58 48 74 26 68 91 48 28 94 16 59 83 63 83 46 11 58 00 42 89 08 07 98 04 48 06 93 81 61 32 43 78 84 77 65 19 61
 94 77 07 50 33 85 15 92 29 69 34 23 76 85 71 51 93 86 51 93 35 01 85 82 03 34 10 14 25 08 73 82 25 33 86 35 48 78 07 81 09 92 48 04 57 85 99
 66 54 47 29 44 49 83 48 97 26 71 83 43 75 28 43 33 90 84 70 09 84 35 96 65 17 10 23 77 19 84 38 20 70 64 76 74 53 10 02 99 97 64 57 80 19 46 85
 46 71 00 77 33 82 06 52 68 58 13 67 78 56 28 30 53 11 57 53 46 46 04 12 56 06 41 62 20 03 75 46 48 81 01 94 23 85 75 06 50 47 16 18 36 85 34 58 00
 61 86 68 26 65 89 62 13 96 40 46 43 02 59 84 45 63 24 60 32 39 74 98 76 28 07 56 38 87 83 17 44 69 92 20 25 47 66 69 27 49 21 57 37 19 21 12 43 93 24
 77 48 22 19 55 10 19 28 46 08 67 37 27 93 28 46 71 69 26 07 17 23 86 07 42 42 03 48 64 75 28 88 43 28 01 73 86 33 79 75 01 21 35 84 62 76 73 41 45 84 48
 85 22 76 06 48 79 26 07 94 93 74 65 89 11 47 11 31 09 89 11 23 75 36 24 03 06 74 10 93 45 15 10 19 19 16 42 11 26 79 50 11 82 55 31 48 73 82 57 29 04 53 74
 85 77 57 18 55 32 65 65 81 06 68 32 50 71 63 41 93 03 38 22 03 98 29 95 38 72 10 44 85 80 27 30 79 10 17 18 09 11 03 61 00 60 75 46 38 12 79 75 64 89 35 07 08
 49 43 09 97 30 39 36 59 81 58 17 40 39 86 27 73 42 20 20 46 37 85 14 86 04 55 71 28 55 65 27 02 86 43 73 83 14 64 27 36 10 80 42 41 80 10 56 72 06 44 90 26 84 81
 67 92 25 14 69 14 16 88 20 28 18 57 19 34 15 40 54 43 77 88 01 45 13 69 67 34 50 60 93 88 13 18 77 20 85 45 05 92 06 49 35 55 56 15 29 73 59 93 20 81 73 29 21 86 28
 60 28 11 90 76 05 84 74 96 44 99 58 57 21 07 83 26 56 54 80 83 73 25 41 39 52 89 72 20 38 67 86 10 01 20 46 30 54 46 47 44 15 48 49 64 92 53 58 03 50 04 34 25 69 61 84
 50 79 29 54 98 83 90 07 08 52 11 92 12 49 04 68 38 27 25 77 90 86 53 45 65 41 26 47 95 80 73 23 19 36 97 57 83 09 05 94 67 86 62 43 16 31 10 74 44 73 00 89 00 51 80 40 24
 07 32 70 45 18 67 14 76 96 61 49 74 31 91 64 09 10 92 56 15 46 04 75 85 92 54 00 59 14 93 25 62 02 10 51 69 90 82 71 08 19 23 27 71 99 55 20 72 16 08 67 61 51 89 50 27 88 05
 49 11 20 03 94 08 10 28 23 60 57 43 17 15 39 02 48 15 94 60 35 47 93 72 39 11 37 48 66 99 72 52 92 88 88 62 07 33 10 64 28 01 29 23 78 91 62 49 70 62 42 75 75 39 62 90 50 78 80
 72 32 36 28 57 12 42 93 79 69 70 80 58 56 79 70 43 85 26 96 81 32 73 67 58 34 51 37 34 94 07 22 19 62 39 05 34 54 98 73 58 28 66 17 99 13 20 45 96 13 33 11 45 55 34 56 51 99 90 12
 84 17 71 64 99 79 71 35 81 93 40 62 63 09 53 88 24 21 55 78 85 34 04 11 02 61 03 55 12 43 09 69 93 67 05 02 80 29 74 72 25 14 17 48 07 63 42 99 52 28 04 45 02 09 87 43 38 27 77 89 62
 41 61 15 82 79 46 69 23 36 03 64 99 29 71 55 67 46 48 98 35 57 96 84 17 89 91 26 03 61 85 08 70 06 87 43 57 81 18 19 41 65 02 38 35 14 00 52 25 21 41 95 43 73 98 36 04 55 14 03 72 96 11
 56 47 58 24 16 53 24 27 22 78 27 87 25 94 70 34 81 29 88 11 11 67 75 86 11 84 76 95 24 29 22 35 66 76 14 41 82 99 36 88 95 24 92 66 92 13 08 45 22 88 34 69 51 48 17 26 69 95 89 97 46 81 28
 03 82 67 01 00 03 12 06 75 51 41 44 80 21 77 68 77 67 79 13 72 01 34 50 95 44 91 13 04 67 93 82 21 99 29 00 36 20 16 88 97 75 30 47 67 88 21 46 04 34 95 48 66 54 60 90 10 74 61 83 57 77 49 32
 77 41 77 08 73 40 82 35 99 28 03 43 56 92 52 68 13 98 03 57 59 57 52 12 98 72 73 03 02 38 41 23 82 47 53 30 57 42 00 51 87 67 03 72 80 86 99 67 05 47 37 10 22 81 57 70 82 06 49 38 70 91 77 56 38
 97 85 94 11 16 64 73 77 05 29 25 20 53 84 02 35 63 09 04 07 25 02 39 91 24 56 18 83 81 21 57 39 58 59 90 29 23 00 78 72 80 99 05 71 92 25 90 61 36 56 65 97 33 68 80 03 83 32 75 80 16 50 76 81 47 23
 38 77 79 99 15 65 60 28 35 29 37 58 73 32 90 94 79 77 47 00 41 04 16 27 98 70 42 46 18 15 34 14 78 33 70 91 59 58 69 45 71 12 00 86 04 91 42 18 43 33 78 35 70 79 24 75 22 15 51 02 85 09 56 09 83 44 81
 35 90 19 35 16 51 00 33 53 55 07 88 08 39 72 04 58 59 20 86 93 34 28 08 61 55 47 68 03 99 16 63 36 06 54 71 12 70 98 29 42 59 32 05 74 47 71 93 83 15 71 98 99 08 06 08 80 82 48 05 13 14 16 15 91 45 07 75
 83 71 31 28 02 72 86 90 19 60 49 53 54 50 86 37 56 63 81 51 09 20 05 85 99 47 13 95 54 48 89 52 75 72 59 69 93 57 59 09 28 49 65 03 82 01 19 54 48 51 99 52 12 70 63 24 24 60 36 58 28 37 25 71 58 08 16 48 61
 99 43 90 82 31 38 71 95 77 35 79 71 60 26 66 94 60 05 84 24 03 59 13 85 20 32 39 84 05 80 17 40 42 94 21 01 78 00 20 18 21 50 69 56 52 72 44 71 38 76 40 15 78 10 12 08 25 15 01 74 76 59 98 71 48 07 88 02 43 59
 93 81 06 94 66 14 23 49 12 49 05 25 77 18 25 06 59 56 52 99 68 24 44 12 22 55 89 27 31 97 11 06 88 50 56 98 88 08 83 49 77 42 57 76 10 11 44 15 44 62 59 76 68 36 86 89 02 26 57 81 27 99 80 31 54 77 88 07 40 47 69
 45 53 02 65 21 30 04 33 37 07 45 62 78 22 83 06 93 19 48 00 32 95 69 62 75 19 85 79 18 59 10 77 20 19 86 69 39 70 48 49 19 23 57 71 84 45 84 32 78 45 40 85 61 33 76 10 96 31 70 58 46 71 88 22 24 98 39 11 43 05 53 05
 85 11 49 45 38 71 19 37 60 77 26 87 77 72 86 75 74 38 36 31 04 83 55 21 51 57 07 77 45 68 46 81 98 68 62 69 05 08 59 85 58 13 08 98 46 60 82 77 28 80 43 19 27 96 69 03 38 43 73 75 52 98 48 67 45 37 48 65 46 12 25 05 63
 36 66 69 46 69 96 13 65 19 94 26 00 44 85 44 03 32 18 36 87 09 72 24 46 83 10 20 14 87 71 82 29 35 78 65 55 27 79 86 52 81 34 35 28 60 08 24 88 11 07 36 31 84 53 81 91 11 72 44 85 13 93 86 87 46 74 59 51 78 91 51 14 31 87
 28 20 59 58 12 48 83 03 46 94 95 02 44 96 98 68 49 06 97 61 15 85 19 09 42 47 61 10 01 58 73 06 24 03 58 71 76 44 92 00 08 06 52 77 39 92 55 63 55 68 49 80 63 60 11 58 58 48 19 78 63 16 72 53 53 61 12 15 14 82 85 87 37 42 65
 93 78 32 12 97 23 13 84 71 25 22 99 45 70 32 33 60 31 20 02 09 46 97 76 40 17 59 83 34 39 59 49 40 50 27 29 48 10 53 47 77 09 75 28 87 42 54 78 38 16 00 17 99 53 21 99 45 53 45 93 01 67 71 35 44 31 06 32 26 48 24 65 03 90 56 71
 73 57 86 05 24 23 05 54 49 92 63 30 77 70 85 32 79 92 41 21 36 33 02 73 95 52 60 24 69 79 01 27 59 52 62 50 97 57 52 52 69 09 11 64 50 39 30 82 46 06 01 39 63 61 57 15 09 52 94 68 94 19 38 35 94 79 70 66 72 49 97 01 53 79 76 04 91
 07 88 74 57 43 95 52 04 09 63 44 86 45 85 28 05 05 02 15 67 91 54 80 87 08 31 18 13 19 76 47 11 81 04 85 57 31 48 72 33 71 19 06 97 82 64 72 72 37 74 37 85 60 46 76 18 01 05 41 32 37 52 99 01 42 65 75 11 67 64 07 88 87 16 63 82 67 16
 79 63 82 50 12 66 08 23 01 16 54 77 53 46 94 04 16 53 73 24 35 73 14 38 27 77 01 45 82 98 93 75 47 28 81 32 07 68 72 88 02 78 80 83 34 49 03 58 64 06 22 59 71 67 31 10 67 06 59 36 47 83 96 52 10 12 61 43 92 35 91 80 77 30 32 36 29 20 43
 48 13 13 85 49 06 01 15 24 38 26 17 15 91 49 36 85 98 81 88 67 02 73 18 02 64 45 84 46 50 84 07 33 44 45 16 75 10 02 83 31 79 15 88 89 58 00 04 14 07 84 36 18 30 46 57 79 42 81 28 69 95 86 67 36 93 02 59 56 54 79 68 01 20 78 03 57 90 76 52
 82 03 38 85 29 44 04 27 40 71 47 05 81 02 01 68 02 15 67 09 94 91 09 46 73 86 76 01 44 37 18 49 62 49 34 42 69 33 28 45 24 42 92 58 72 17 61 47 92 67 73 95 58 58 46 80 20 08 73 50 62 91 63 62 03 54 69 84 84 65 06 44 15 65 17 11 70 94 11 79 91
 29 97 89 89 07 62 03 48 76 20 78 92 49 61 61 10 50 07 37 61 89 32 04 91 74 21 68 88 19 91 39 47 38 86 42 21 58 03 12 10 02 52 48 97 97 17 54 45 96 63 66 25 43 29 20 17 60 57 45 97 56 39 02 40 54 98 39 43 81 82 94 52 19 15 42 55 22 59 36 47 00 08
 99 48 02 99 85 40 29 29 19 23 22 22 59 59 45 75 89 74 98 83 76 84 01 23 78 22 46 31 79 87 72 02 76 94 44 96 03 30 84 03 09 71 85 90 59 24 09 39 29 64 13 04 01 73 07 28 50 11 88 12 27 44 02 58 15 84 38 24 29 32 31 45 78 67 87 59 79 22 04 11 58 28 66
 14 25 63 51 29 97 07 48 54 38 01 59 20 13 90 64 64 28 47 15 92 60 37 90 14 17 67 15 60 02 97 14 40 43 16 97 95 86 00 22 57 31 75 18 72 68 45 58 20 63 44 76 32 12 01 54 38 12 90 44 69 91 94 35 83 39 86 80 15 35 45 31 53 74 67 11 73 21 90 70 96 09 85 30
 27 96 96 30 71 85 53 25 37 72 43 54 48 63 11 49 82 49 47 86 33 85 34 06 14 33 37 66 89 86 86 77 49 76 21 84 87 09 87 56 95 43 93 02 08 23 30 41 87 84 70 74 82 63 92 01 01 78 62 37 20 26 98 36 43 50 14 51 99 01 50 71 51 09 75 94 93 21 33 70 55 43 74 66 49
 50 44 60 67 65 20 47 79 59 14 01 22 01 47 99 93 43 23 24 68 70 77 31 96 91 23 52 86 86 72 55 43 03 25 58 99 86 84 93 00 22 99 20 73 78 45 34 78 24 16 05 49 29 52 34 16 84 17 49 43 71 17 15 45 09 80 56 01 88 16 05 60 00 49 10 06 93 42 20 70 07 12 74 69 24 42
 93 14 60 60 38 47 24 12 88 56 07 68 08 76 67 54 56 00 87 71 82 12 53 42 29 95 25 24 34 12 90 34 51 01 18 72 06 06 23 41 93 60 51 81 84 34 91 31 08 80 72 91 03 54 13 27 12 20 97 86 09 47 40 41 04 51 40 17 70 68 17 36 63 22 89 99 20 25 46 12 77 47 53 84 79 83 52
 72 00 09 74 69 67 20 78 01 37 37 74 97 23 97 66 54 06 00 67 65 97 00 10 65 26 38 73 32 57 77 77 97 23 02 07 12 52 80 28 07 70 88 25 71 05 75 06 94 90 91 62 83 40 89 47 49 80 01 84 08 66 04 49 36 63 20 38 91 52 19 99 64 45 83 85 99 93 30 38 27 51 99 37 46 47 15 29
 32 72 45 29 78 66 15 40 37 23 97 20 05 85 47 63 62 24 58 82 12 29 87 46 56 34 25 21 86 36 23 83 30 03 16 63 34 36 54 04 82 28 32 62 87 17 84 70 84 25 41 52 06 56 45 35 05 51 87 20 50 25 41 62 74 42 91 81 56 80 01 89 35 46 73 97 45 94 87 77 34 69 16 43 60 96 82 97 23
 64 64 41 97 34 62 44 02 37 09 88 86 60 36 56 18 39 20 70 24 11 88 09 88 65 11 36 82 40 76 03 25 99 59 50 29 06 53 48 74 59 12 79 39 52 26 37 01 32 53 67 94 02 71 46 75 15 04 97 79 69 64 16 46 83 95 58 36 64 88 89 16 69 26 59 35 29 43 10 33 16 92 47 62 47 65 26 81 37 65
 49 48 02 13 31 32 00 33 21 78 85 05 41 79 08 53 72 54 71 03 06 81 65 75 20 10 18 64 86 74 26 14 77 97 62 25 43 42 79 12 72 77 99 93 38 38 19 04 70 19 93 28 31 08 92 61 34 62 38 75 14 64 29 09 45 89 72 67 36 92 06 21 79 50 20 94 98 05 82 37 96 02 07 38 25 70 14 64 96 65 71
 89 40 75 54 57 53 14 76 16 97 08 58 87 26 57 93 45 63 69 86 40 99 56 02 64 34 36 58 05 16 07 40 74 38 52 93 50 08 78 86 42 59 13 64 96 16 73 73 27 75 63 19 26 68 72 52 88 18 36 76 93 75 54 56 97 69 90 84 26 24 26 46 06 63 37 89 33 04 96 24 55 73 57 84 56 99 60 48 11 73 33 01
 34 18 13 93 73 29 85 82 59 47 86 35 92 53 53 50 52 53 63 49 85 12 68 44 92 76 56 58 36 91 24 15 54 71 20 69 31 43 16 72 64 05 36 78 54 86 35 43 68 17 10 35 43 13 12 85 64 89 56 05 86 32 56 47 59 88 51 63 11 70 46 91 40 82 00 00 96 76 43 14 74 42 41 36 90 28 57 11 77 68 68 80 46
 29 81 00 15 17 63 53 88 34 51 88 27 20 68 88 71 58 33 34 85 00 31 71 00 47 26 58 30 44 97 68 22 17 20 96 53 94 55 79 15 90 76 99 94 39 39 94 13 78 96 18 03 45 50 50 71 09 05 40 65 42 53 14 37 84 68 51 96 61 57 34 92 01 10 54 52 93 89 48 86 09 09 58 13 93 16 26 58 55 86 11 44 85 80
 96 39 47 11 71 18 11 43 76 67 53 92 07 85 37 68 06 59 92 29 80 99 31 68 71 29 97 37 61 42 40 12 41 46 61 75 77 24 54 69 66 52 86 38 88 20 36 18 20 12 01 96 36 86 43 68 78 53 18 88 31 80 72 58 51 06 41 01 52 53 13 32 34 71 52 98 83 05 81 15 34 61 31 74 10 10 68 25 86 03 88 51 54 64 37
 07 65 91 18 38 15 10 40 67 67 32 03 29 39 26 44 44 03 11 16 04 54 08 83 49 31 92 13 56 25 67 92 60 40 09 13 68 19 18 63 51 22 18 94 05 96 40 50 86 35 33 69 96 53 37 08 20 26 33 12 25 89 23 31 86 55 42 47 54 73 03 50 46 65 16 25 40 35 39 80 43 68 64 46 32 04 17 33 96 58 17 02 55 60 52 50
 05 52 15 61 09 92 96 06 59 34 52 94 44 65 35 92 80 59 36 38 07 32 97 81 34 15 29 33 40 64 11 32 94 85 81 72 96 69 65 88 34 32 73 83 05 19 71 71 93 04 28 86 84 22 52 83 40 38 74 22 09 05 66 61 17 06 39 54 52 74 66 54 60 35 33 67 84 91 61 09 06 89 43 19 83 84 93 87 46 99 38 34 91 53 89 58 86
 73 72 36 31 74 31 26 13 33 23 48 54 87 45 96 88 54 10 22 87 32 17 88 13 00 72 74 12 69 87 41 40 83 09 31 80 87 64 84 18 95 07 14 44 05 80 53 98 90 09 27 79 03 73 84 51 98 02 11 04 38 47 19 51 26 22 91 33 49 78 89 34 58 02 25 26 38 53 76 56 58 27 24 03 85 51 57 75 61 58 20 50 44 10 96 57 72 31
 83 38 17 47 23 73 36 67 18 12 04 12 13 32 38 32 07 45 81 04 79 74 39 34 61 51 56 75 14 18 77 52 91 00 89 87 55 32 67 28 45 87 03 30 65 71 93 76 36 48 98 88 43 20 68 73 67 14 46 13 12 00 11 55 48 55 54 63 39 58 69 23 30 60 94 95 07 36 70 22 25 41 50 32 20 85 98 74 73 68 34 26 15 79 25 60 82 67 62
 14 33 40 33 69 54 43 96 15 43 75 14 95 64 05 99 26 37 98 39 26 59 11 53 16 47 74 24 43 01 54 28 13 37 13 35 64 64 57 27 59 73 16 19 63 53 53 17 46 85 15 44 62 21 68 38 84 65 01 80 85 91 28 50 48 67 07 77 03 05 56 47 17 03 86 95 34 71 42 65 91 52 25 03 52 70 88 47 54 23 61 63 29 45 74 58 22 43 01 47
 26 82 87 47 86 59 59 60 84 64 08 11 52 75 73 75 99 52 57 03 24 61 42 99 75 18 45 89 86 15 14 12 89 45 63 47 81 45 20 67 14 64 25 60 05 22 06 39 84 95 41 57 38 15 49 52 91 01 81 84 95 98 21 29 57 92 68 28 75 13 60 43 20 24 91 20 29 00 59 64 15 78 51 83 86 52 66 30 53 27 65 10 89 47 88 84 30 10 86 86 55
 64 01 62 00 88 36 81 49 85 44 19 15 35 34 94 24 38 36 21 12 98 85 12 93 48 32 57 82 31 58 12 12 75 31 41 78 78 59 33 01 76 83 93 32 66 90 85 31 22 63 48 80 36 39 82 55 34 16 11 39 15 54 96 53 43 82 54 60 12 87 94 29 79 56 49 66 94 13 98 75 47 51 53 49 64 54 57 93 34 57 02 69 61 81 55 34 66 18 86 06 43 60
 80 99 11 77 00 34 29 55 15 17 89 57 03 24 07 34 46 81 36 65 24 06 41 12 90 24 39 57 95 36 25 38 79 43 31 95 08 49 67 22 74 30 18 72 22 95 19 33 76 53 85 08 67 94 58 36 63 91 80 17 12 55 00 42 73 28 96 15 14 29 15 84 13 54 87 30 53 21 38 51 65 31 97 96 09 61 30 42 03 14 80 79 59 05 21 08 65 47 44 57 87 33 31
 20 35 67 43 37 33 48 62 58 19 82 05 97 29 10 01 16 35 17 76 90 95 45 84 76 46 36 97 24 01 15 01 84 99 80 64 30 09 45 52 40 56 98 29 76 45 43 72 75 33 34 53 73 84 49 96 96 76 18 95 05 35 12 34 94 41 70 21 59 63 74 63 71 58 00 67 54 80 06 64 20 03 92 65 80 92 34 70 67 98 71 47 01 01 47 82 51 10 18 67 92 76 73 90
 12 37 72 12 99 48 61 99 12 82 25 90 54 08 16 33 93 70 21 18 76 94 69 88 78 41 94 48 47 03 76 55 34 38 10 01 39 69 79 10 75 73 09 02 27 86 80 71 71 29 58 32 32 70 03 59 85 42 47 38 51 90 49 99 62 61 06 77 99 09 65 74 30 95 23 68 41 16 90 94 99 76 77 01 06 43 42 59 65 14 33 07 19 96 55 22 51 11 56 86 62 40 98 74 44
 65 39 78 85 20 08 25 11 86 53 86 02 19 47 34 03 91 64 00 60 62 48 24 79 66 83 97 64 34 07 80 09 01 27 91 73 73 54 14 38 41 24 72 36 37 88 57 24 07 81 59 14 81 81 92 75 80 97 41 97 73 66 60 46 53 98 11 32 44 75 83 92 98 17 80 15 57 96 98 56 91 53 50 02 17 48 98 61 05 75 84 55 89 11 14 37 56 61 85 26 72 56 87 75 66 86
 92 36 49 51 25 19 80 02 33 14 30 51 28 30 38 66 15 95 27 90 30 73 09 11 32 95 53 37 06 16 22 80 12 10 30 87 22 45 60 50 47 09 36 88 35 36 94 18 72 21 35 33 74 36 80 41 88 28 68 75 60 29 47 37 44 15 09 28 35 17 40 93 19 54 92 65 15 25 08 38 77 04 77 46 93 01 38 78 83 56 25 14 50 00 81 03 99 71 64 42 48 37 35 04 07 75 96
 39 15 73 52 69 12 12 73 33 54 68 01 43 39 71 26 88 22 93 17 69 26 39 46 30 73 13 90 51 56 42 30 81 54 67 87 97 07 81 60 42 98 10 23 40 99 73 67 53 59 89 05 47 67 49 02 30 79 79 16 50 90 74 09 67 82 98 37 79 62 97 82 36 29 56 94 66 72 35 55 33 94 43 88 55 39 47 28 53 32 37 62 38 23 72 66 90 52 82 83 00 88 11 07 86 21 95 67
 46 08 97 52 99 54 73 69 38 40 74 45 39 71 17 04 70 94 74 63 00 29 12 91 52 77 79 61 98 52 01 20 98 02 93 49 74 21 62 88 13 80 65 02 43 02 76 63 46 31 39 19 73 11 25 57 41 94 20 95 51 61 88 27 15 14 83 59 57 26 02 39 33 35 73 97 38 21 07 45 57 40 53 68 94 90 04 80 16 99 09 70 75 38 92 70 82 20 35 35 73 63 48 03 79 30 23 36 56
 62 85 12 64 13 59 43 74 22 98 63 23 84 89 76 41 27 68 62 05 90 08 18 55 27 03 09 83 46 84 02 40 63 32 68 88 69 15 87 94 34 70 32 86 49 07 67 85 62 26 04 81 82 80 04 46 84 33 20 65 48 70 60 32 69 07 83 43 13 78 75 62 51 68 90 14 90 77 27 54 28 78 67 77 71 87 44 19 57 94 42 03 43 69 83 75 50 23 27 81 28 06 85 07 49 24 82 28 19 70
 55 76 42 22 91 46 97 94 58 37 44 00 64 27 58 90 04 53 49 85 44 63 80 94 68 95 33 77 02 20 08 27 84 53 65 43 20 61 42 88 84 26 58 00 11 33 53 37 88 47 53 64 40 64 63 28 66 63 39 18 09 30 57 94 17 89 34 40 50 79 24 00 48 79 89 95 40 31 43 16 40 15 89 80 00 94 56 69 36 90 63 63 78 51 88 89 89 26 23 82 17 23 28 48 55 80 01 68 40 08 60
 52 26 06 48 20 31 45 10 56 14 81 12 54 76 61 64 86 58 26 24 89 92 98 54 02 16 61 41 47 76 21 32 49 25 88 26 83 30 68 65 44 92 85 84 75 54 80 28 31 22 56 60 28 17 26 89 87 84 74 82 85 44 19 89 54 08 12 04 41 72 70 83 54 32 35 69 03 75 43 80 79 49 15 15 50 58 06 09 93 33 96 90 78 60 80 95 70 37 87 38 36 31 39 10 59 93 08 78 83 61 14 62
 58 51 81 96 39 81 02 04 27 48 53 09 92 69 83 00 71 92 98 81 88 19 93 66 88 89 19 97 18 64 10 79 54 63 77 17 90 62 54 27 75 45 79 83 27 82 99 28 58 20 32 34 43 56 53 57 62 74 37 61 01 68 60 48 26 65 69 07 16 11 14 68 04 17 84 92 99 36 07 76 35 17 40 13 39 59 43 07 46 50 17 60 52 09 81 56 46 17 87 44 73 30 07 56 73 06 63 17 54 77 41 50 06
 22 18 47 90 58 12 28 32 96 72 66 99 23 87 64 58 21 72 15 18 92 21 79 86 94 19 35 01 75 52 17 02 48 18 01 12 43 85 01 49 27 60 87 70 23 18 18 68 15 45 98 83 42 11 40 52 26 16 28 68 59 06 90 33 35 80 22 55 27 36 93 89 79 98 42 18 92 94 97 58 80 02 74 81 33 45 28 88 53 59 27 94 74 00 28 62 18 87 07 78 36 89 89 69 13 01 65 68 10 98 77 21 85 38
 60 34 73 57 18 31 06 92 80 34 71 01 75 05 38 55 07 30 31 37 59 11 50 49 36 88 99 76 30 28 47 90 68 27 09 37 94 87 85 27 34 93 14 21 10 57 63 37 40 75 47 96 43 47 27 74 29 88 01 74 37 13 23 09 87 86 31 46 03 98 84 95 59 90 18 00 28 44 39 54 46 29 60 76 61 52 79 76 93 41 70 88 37 87 18 54 96 84 98 43 28 38 32 24 84 41 09 35 51 96 68 61 50 27 79
 81 57 02 49 62 52 32 00 46 89 74 31 18 96 66 99 57 85 30 69 41 62 68 10 13 52 51 09 22 66 12 63 33 53 54 20 11 38 29 70 12 72 78 13 66 66 03 24 67 51 91 34 00 64 33 51 83 17 74 04 23 16 56 64 20 42 54 68 63 36 80 19 20 98 69 60 12 55 76 76 13 12 02 88 31 89 01 05 49 23 16 30 04 72 95 91 72 98 66 53 34 71 38 45 22 60 94 22 13 83 70 97 37 39 03 63
 21 07 24 47 86 44 82 72 19 37 00 06 57 12 34 17 55 02 04 24 77 96 18 47 89 80 13 20 42 86 10 23 11 28 48 45 85 82 36 30 17 33 67 37 08 58 58 24 37 58 04 63 49 86 86 42 68 41 22 54 76 16 59 70 29 85 51 62 17 24 25 41 48 27 30 21 68 76 03 13 62 83 84 71 40 69 09 61 61 16 86 83 48 50 78 53 38 55 01 01 30 22 31 29 05 75 06 73 68 87 34 85 93 20 30 55 47
 87 80 20 53 13 66 99 60 43 81 22 14 96 43 57 63 00 42 88 73 98 60 76 25 29 67 05 19 12 22 49 39 53 12 37 27 36 28 55 73 82 84 92 49 16 07 11 90 83 58 75 16 72 95 98 63 20 55 38 17 26 98 55 62 45 96 93 05 43 91 45 89 13 51 43 75 59 42 33 89 55 13 42 87 57 70 33 66 43 91 06 39 12 61 21 72 22 98 24 28 29 12 07 65 85 65 35 22 23 79 22 33 38 28 85 58 36 37
 72 48 63 45 69 33 78 90 39 90 71 62 29 41 35 85 53 49 35 20 56 88 01 14 67 09 02 83 21 81 94 14 88 56 57 16 37 77 91 99 64 79 75 54 18 22 86 71 25 42 75 41 93 46 43 16 30 58 90 21 89 71 08 70 60 91 85 16 96 44 08 99 68 51 04 25 66 23 45 51 73 81 29 29 23 70 49 67 58 47 78 71 76 11 72 44 10 58 68 75 71 95 28 03 08 98 34 96 09 45 00 07 59 58 74 26 37 85 86
 16 20 58 55 01 69 90 46 84 72 38 08 76 04 90 67 45 29 48 94 75 55 28 71 23 86 46 18 18 83 46 23 67 64 06 29 90 30 58 21 17 84 91 20 08 66 31 65 28 81 41 29 89 20 78 46 13 55 69 01 45 37 41 01 89 07 83 58 33 97 11 21 36 03 77 98 49 88 21 13 96 72 38 97 54 97 08 41 79 43 86 14 51 97 14 22 52 44 28 06 62 15 98 24 18 50 04 98 76 15 61 01 30 43 51 89 58 43 12 81
 84 04 99 59 50 04 23 63 81 79 14 22 99 80 56 04 65 74 06 55 90 94 58 03 75 57 94 67 75 89 59 10 60 04 96 12 22 87 12 18 48 96 69 50 31 21 66 09 70 45 37 15 80 78 68 75 82 33 70 37 05 86 14 28 35 74 05 31 33 31 13 63 79 34 18 58 11 98 40 54 08 72 97 03 99 60 60 85 83 86 71 41 35 60 84 45 84 85 87 78 78 74 79 45 87 04 53 91 82 29 23 43 53 42 84 05 75 28 04 65 89
 07 09 75 28 10 91 69 14 59 42 67 48 29 29 00 35 22 23 56 29 43 35 16 17 92 63 83 39 53 88 89 10 52 73 34 34 14 63 16 62 92 50 42 29 23 29 92 19 71 50 28 54 55 20 20 20 94 66 12 84 90 58 74 06 77 07 78 32 72 59 39 24 13 30 75 18 74 92 75 78 85 76 78 76 65 38 05 74 78 20 42 48 15 76 13 56 75 17 29 88 69 14 91 11 63 26 90 69 80 07 89 30 64 30 30 57 89 65 48 08 69 91
 83 17 80 20 21 54 55 01 84 47 62 07 08 29 96 18 14 59 44 90 72 30 02 16 44 52 06 34 98 04 60 60 23 60 99 90 19 37 41 02 66 45 98 60 21 76 11 64 50 86 15 62 03 56 55 37 19 87 38 87 48 61 96 21 57 83 50 51 32 30 92 90 85 44 48 60 83 78 09 53 80 88 60 48 61 21 22 32 26 54 48 63 30 93 98 07 57 15 13 97 20 13 50 69 36 01 72 98 35 38 65 96 85 83 61 09 25 02 58 50 63 43 66
 03 38 39 02 37 53 09 24 41 31 28 16 02 16 49 12 49 87 17 39 39 01 44 29 88 79 06 10 36 37 87 45 85 75 06 24 91 52 79 58 30 75 93 47 72 68 17 98 60 28 36 05 96 85 90 56 94 62 52 76 52 69 41 32 83 24 36 56 08 68 53 40 82 31 55 78 58 47 60 95 75 59 04 00 12 25 03 79 99 25 81 89 21 25 81 72 48 45 96 78 09 87 57 71 54 74 57 72 42 19 31 60 79 54 77 10 48 57 79 82 65 27 91 32
 92 71 29 33 17 95 96 05 51 58 21 93 29 24 42 89 38 74 61 35 72 40 28 69 95 15 91 07 00 49 96 73 35 57 07 59 48 76 27 51 92 99 10 64 31 31 69 91 49 71 78 60 59 13 57 92 10 11 86 08 30 31 14 20 55 21 06 45 78 09 30 20 01 38 81 72 67 71 64 60 47 08 40 09 77 64 19 30 75 32 02 14 06 44 73 16 39 17 94 38 02 23 85 26 71 74 68 63 88 77 93 47 75 13 03 58 35 45 74 44 84 60 16 28 28
 72 48 39 21 79 34 63 89 86 28 32 77 65 83 03 79 93 54 46 80 66 03 71 92 49 69 16 57 31 12 46 97 36 21 48 77 92 42 76 08 44 94 19 42 39 51 55 77 48 08 92 70 39 76 15 44 20 42 73 74 02 70 03 93 26 64 36 39 06 55 39 90 98 79 76 42 33 67 89 06 63 18 83 90 65 90 97 52 87 47 45 39 53 95 40 77 74 52 19 41 63 39 22 12 97 34 18 29 54 78 19 46 75 26 31 28 34 10 31 84 26 10 45 62 13 52
 02 19 39 93 45 85 54 08 27 02 61 81 29 77 64 88 52 19 95 51 31 49 07 89 22 89 38 09 67 73 09 41 57 47 23 94 33 36 98 77 45 75 27 53 26 58 98 89 77 04 78 06 64 45 65 76 85 89 65 75 24 61 41 89 42 27 14 41 29 34 52 40 23 92 21 62 53 40 95 23 69 80 35 53 15 19 74 56 81 00 16 21 96 32 80 69 30 64 49 12 97 45 40 67 75 39 57 87 97 12 65 56 26 85 52 69 24 88 77 15 81 84 36 99 15 94 93
 45 28 29 06 08 22 21 05 30 01 40 52 94 33 32 72 92 19 09 52 46 62 13 16 26 53 10 82 72 61 73 97 42 97 12 17 18 55 97 98 55 43 89 80 73 84 03 50 00 83 11 62 13 21 58 74 61 80 58 35 24 01 48 27 38 95 96 11 99 67 07 77 96 59 05 40 07 20 68 38 73 19 53 28 85 46 65 43 31 95 37 34 86 37 08 41 85 48 64 78 89 35 29 41 36 24 22 51 63 71 38 43 07 27 66 31 33 78 61 18 49 48 28 36 90 87 46 41
 53 47 20 57 42 56 49 86 14 58 90 76 07 70 37 27 14 65 43 50 81 27 90 16 16 91 61 98 44 92 65 27 99 64 49 56 84 81 55 84 73 74 12 71 44 21 80 18 45 33 52 32 30 74 67 18 35 95 04 88 44 39 14 67 61 01 84 91 04 75 58 92 36 60 04 49 88 88 70 51 53 77 71 99 08 90 56 37 51 86 88 18 94 24 54 00 78 56 18 47 59 03 31 81 08 73 75 86 49 14 19 24 74 22 60 75 34 87 79 15 10 12 53 04 65 24 41 58 32
 22 24 75 08 40 75 91 02 72 37 33 53 62 05 92 32 33 46 41 26 88 44 38 51 29 16 49 70 05 37 20 22 05 10 02 78 09 17 15 84 65 36 71 78 84 35 74 71 94 37 06 13 30 00 81 17 16 68 52 71 52 48 81 53 69 95 75 43 40 25 02 56 87 14 78 25 10 53 94 13 15 64 18 92 82 18 75 92 13 97 43 06 19 85 57 58 06 14 22 37 54 49 90 53 99 90 27 07 66 61 40 37 70 46 87 92 95 96 03 66 88 31 43 41 15 52 07 41 32 41
 48 86 78 92 59 67 19 69 05 64 17 65 53 90 48 75 39 78 79 88 16 21 19 09 45 52 03 55 81 48 06 42 46 72 74 99 18 98 69 76 64 08 32 54 39 16 37 36 95 69 94 62 77 47 15 79 26 27 31 37 00 59 76 54 38 14 09 79 03 34 52 10 89 85 78 94 06 12 37 44 71 86 79 77 32 78 50 17 80 92 87 45 50 11 47 85 43 80 30 44 14 46 56 33 97 66 34 57 26 12 84 08 09 28 96 89 99 52 30 73 75 70 79 11 11 35 78 43 64 21 83
 77 70 14 74 77 58 68 36 64 23 92 14 21 26 63 07 84 89 06 79 41 43 54 38 66 04 35 02 87 04 30 46 29 86 81 65 75 38 90 43 66 84 02 44 77 99 58 69 29 52 83 54 57 81 16 46 77 66 74 70 03 08 32 86 29 84 27 21 20 76 81 26 35 96 24 76 05 58 18 61 54 38 73 83 19 93 32 95 07 52 96 21 07 28 84 52 35 22 67 72 49 79 31 91 95 13 54 35 40 21 66 26 59 00 74 32 31 43 35 63 00 57 73 79 73 12 21 79 95 47 79 14
 51 41 89 13 67 34 03 22 08 46 35 49 40 04 81 89 75 42 97 17 96 67 69 69 83 20 08 27 44 82 54 57 03 92 00 10 43 25 39 00 42 06 93 55 50 78 01 81 10 57 29 47 67 33 40 67 07 64 26 39 19 28 73 05 22 69 74 31 86 49 35 99 23 93 91 31 71 78 87 11 85 45 14 17 74 73 48 66 02 73 88 32 03 94 03 52 55 13 77 75 56 31 53 49 41 47 33 72 29 82 03 23 94 10 56 43 58 91 08 73 41 87 63 00 94 56 28 14 83 89 48 29 53
 47 54 39 89 08 73 57 15 09 14 92 39 90 61 04 51 36 58 28 62 66 48 58 93 36 95 75 55 34 36 42 97 32 26 99 74 95 42 49 48 61 95 33 32 66 39 62 10 67 51 52 51 36 43 94 28 09 92 70 48 30 70 08 24 22 41 04 57 05 89 13 47 92 72 45 11 93 37 26 79 58 75 11 38 50 67 62 91 33 48 77 50 96 50 91 09 11 40 12 21 46 60 67 46 04 82 73 89 61 86 24 79 23 99 17 28 82 88 89 09 06 59 52 65 15 62 61 20 43 36 19 55 86 88
 55 14 61 67 94 23 81 86 11 14 63 37 46 51 40 87 11 36 45 36 75 52 77 18 65 83 22 47 40 72 33 22 46 18 35 78 35 10 90 03 97 13 43 51 80 38 07 43 35 71 95 84 29 78 52 23 15 90 48 53 20 50 38 72 55 00 76 23 11 09 90 06 03 84 91 63 83 27 07 39 21 99 58 00 01 04 85 69 11 19 81 80 63 94 18 78 92 80 02 20 86 85 01 12 39 09 21 99 90 88 94 00 98 61 48 00 04 93 21 46 73 81 29 00 93 24 18 15 38 91 19 94 63 82 52
 70 08 51 86 65 31 71 67 50 97 43 74 68 36 43 46 87 20 98 59 73 31 93 79 06 37 31 66 83 00 17 83 64 37 88 51 33 76 92 14 03 08 00 46 31 50 45 66 32 51 97 31 92 10 26 49 77 25 43 80 80 47 02 85 38 30 80 90 68 00 26 72 64 73 92 04 65 56 67 96 21 70 40 68 74 02 83 04 25 76 24 94 95 07 87 57 56 49 51 17 65 86 40 21 71 92 55 76 11 50 62 88 09 23 69 36 64 76 50 07 19 74 47 50 44 32 35 88 73 16 03 31 24 39 41 00
 53 57 94 56 35 66 01 72 06 65 79 58 64 85 51 80 18 12 27 48 57 29 16 68 46 45 52 89 40 31 58 43 12 19 00 15 96 46 33 32 44 56 20 54 92 67 91 12 20 17 92 10 25 03 27 24 58 94 87 12 25 77 38 47 38 67 91 27 52 48 63 01 70 74 20 00 65 81 19 83 39 94 93 77 54 20 38 75 72 46 60 05 52 22 77 66 38 42 83 26 82 68 69 82 60 57 31 17 04 67 18 20 93 03 33 24 58 96 64 19 10 12 95 07 23 66 73 18 00 72 80 91 38 95 28 94 60
 74 08 83 66 22 17 72 35 58 22 07 72 10 59 41 60 64 26 69 63 10 99 33 79 33 93 47 21 84 76 46 52 10 05 68 00 15 35 14 96 42 58 27 85 43 38 46 99 84 56 48 41 21 09 14 00 35 82 96 79 59 94 32 48 90 96 01 30 12 41 74 60 68 29 30 12 44 23 23 50 47 47 37 14 31 61 29 02 31 23 79 35 36 13 53 02 16 32 51 61 42 47 90 56 40 48 18 73 12 15 21 59 24 28 14 94 57 74 27 90 53 04 48 36 82 49 61 54 36 07 45 13 69 22 81 88 58 05
 98 12 20 84 66 00 14 34 12 45 43 00 75 25 75 38 80 31 82 61 37 95 35 60 02 73 11 29 56 76 40 49 47 30 45 99 89 05 94 66 26 00 34 32 29 30 96 09 03 68 46 36 79 59 54 01 95 82 64 93 36 33 69 92 10 53 36 64 90 13 01 77 30 06 68 23 17 31 52 38 55 21 35 92 33 35 29 55 40 37 61 87 13 57 67 36 12 18 02 97 17 52 36 84 34 96 97 46 61 08 49 78 61 41 08 17 30 17 58 40 07 26 60 51 24 60 94 37 06 83 25 22 81 44 95 07 54 78 32
 66 15 87 30 27 45 31 05 27 65 60 95 66 58 84 45 28 54 10 67 76 42 71 99 89 84 28 21 25 11 57 13 44 27 48 53 77 54 48 43 43 90 78 68 56 07 74 59 28 66 05 14 68 56 28 95 21 84 19 83 68 61 82 05 64 36 57 07 76 19 24 43 08 38 57 17 97 11 95 68 22 50 72 44 94 93 13 49 86 74 86 84 24 39 10 17 86 81 31 44 25 35 22 82 13 64 98 61 13 79 12 36 50 06 87 45 53 49 10 76 90 92 53 85 78 38 03 46 19 45 19 43 90 66 08 73 61 26 80 94
 65 10 14 35 69 41 24 06 43 37 67 06 01 60 29 66 73 05 47 48 28 20 11 95 53 74 53 58 45 72 54 00 76 58 95 81 08 02 26 69 67 86 59 53 93 37 60 99 96 68 96 36 58 95 78 09 72 80 58 41 62 67 61 93 74 13 63 85 66 27 04 01 63 53 76 01 17 04 14 57 88 86 43 93 87 74 27 55 78 41 04 38 41 38 67 84 74 19 67 42 21 20 58 86 60 71 34 14 94 78 74 41 86 22 11 25 05 15 88 19 91 58 29 52 04 48 33 78 71 09 58 35 71 60 24 60 54 15 16 84 43
 41 78 34 76 45 74 25 10 96 21 93 63 05 25 74 49 88 06 83 67 69 71 66 01 22 49 46 20 98 34 84 20 98 62 82 87 51 02 70 44 05 58 79 46 86 69 11 59 02 37 59 19 19 28 18 68 33 85 38 35 88 15 66 92 69 47 00 97 17 28 44 37 54 54 34 83 17 69 35 33 33 16 81 12 35 72 34 21 53 14 93 39 48 16 69 30 88 38 97 73 74 44 78 87 23 77 22 30 31 41 62 47 93 45 32 60 78 25 27 36 72 93 54 13 12 63 60 35 45 55 32 32 05 22 21 64 21 18 05 94 07 09
 52 36 63 25 17 28 60 66 10 81 41 29 04 82 72 10 97 78 41 83 95 24 71 52 40 36 79 24 51 02 31 33 33 02 10 72 12 82 30 43 54 09 24 74 32 48 00 32 18 75 72 57 11 49 63 19 34 17 64 59 70 95 70 53 57 47 38 61 23 61 86 99 72 69 78 49 34 45 88 35 57 81 41 58 68 87 73 92 82 50 22 86 77 44 86 74 72 34 56 90 84 80 15 33 28 48 52 91 39 19 21 93 77 10 89 48 72 67 95 45 12 07 38 83 74 95 59 59 25 66 77 72 68 49 51 81 63 33 17 24 51 31 67
 14 40 83 56 19 27 45 51 00 96 14 32 71 64 33 49 56 90 97 39 49 36 28 64 20 61 02 19 59 29 89 96 25 94 97 64 75 39 22 40 99 71 05 73 80 84 79 74 50 14 68 51 36 97 92 76 03 24 40 58 12 79 05 26 89 82 21 27 33 45 79 10 96 85 99 14 28 68 04 17 39 01 57 64 86 03 41 89 15 84 75 88 58 83 72 88 38 90 18 84 55 69 36 63 75 63 01 66 36 28 73 56 32 05 72 71 81 69 13 58 53 36 46 45 96 40 69 20 39 01 90 58 96 98 40 76 99 05 31 82 58 73 15 20
 76 63 53 22 48 08 41 70 34 90 92 02 53 48 94 89 83 90 49 43 90 90 76 50 73 07 73 75 47 35 12 71 07 43 06 79 98 04 23 60 29 63 64 47 02 93 19 30 94 38 11 08 46 01 06 88 45 03 56 56 33 38 16 11 25 20 64 80 99 99 23 48 14 75 65 84 09 80 67 16 71 66 20 36 82 43 25 92 18 37 53 03 39 79 99 10 92 78 68 41 59 17 92 00 57 91 20 60 09 75 20 52 49 02 92 81 78 56 54 90 00 58 08 48 10 37 11 63 63 37 76 74 45 96 20 16 24 75 58 21 01 82 47 96 88
 71 86 50 51 22 47 82 72 39 90 94 78 14 80 71 31 04 97 36 27 63 10 43 07 70 31 87 71 40 61 95 84 05 00 16 63 85 26 20 79 22 68 55 46 93 25 48 05 48 49 98 41 24 72 09 86 10 52 58 39 45 01 62 10 86 91 50 46 15 49 02 54 91 16 22 93 23 02 53 11 03 39 45 81 77 53 91 06 51 60 38 29 03 31 63 75 06 22 79 60 78 89 01 57 62 37 51 15 28 69 41 17 93 77 94 14 59 84 96 88 27 11 89 73 93 77 39 17 59 31 74 66 46 52 13 50 06 16 80 83 49 82 50 82 84 06
 45 23 10 52 76 56 33 89 11 27 78 78 50 13 52 29 53 34 26 06 32 88 97 98 72 25 96 08 00 32 58 61 46 71 67 01 66 99 34 48 44 19 17 66 39 14 44 21 22 71 12 51 48 37 73 88 74 40 43 72 34 65 20 50 97 97 79 54 46 49 95 79 92 27 21 75 31 16 14 49 29 72 68 99 77 21 43 81 14 30 28 23 62 68 17 67 65 24 47 66 27 88 44 93 83 68 20 66 47 41 44 65 48 01 28 87 03 89 95 11 10 61 00 26 53 76 94 22 37 06 96 92 62 82 46 41 40 26 67 89 51 51 35 25 94 95 29
 14 59 11 51 30 17 48 71 80 32 41 71 99 86 95 64 90 86 35 18 52 87 01 56 53 16 89 48 14 49 91 64 05 24 98 30 11 87 64 05 61 18 35 39 41 69 27 19 45 80 73 58 98 78 74 73 43 17 41 64 85 26 79 60 91 48 42 48 70 62 75 29 92 74 79 91 58 52 41 01 16 51 50 03 81 46 11 70 42 52 21 75 37 54 83 87 27 02 91 34 26 88 03 66 30 93 87 73 59 52 22 87 11 50 78 11 50 85 82 60 87 86 89 99 05 82 65 81 24 51 37 78 69 55 04 02 90 01 44 58 13 11 64 89 85 10 86 71
 43 51 11 43 52 14 82 15 85 19 48 03 13 59 41 99 72 67 86 62 81 89 11 48 28 93 62 62 67 04 03 31 45 88 46 51 54 60 86 31 77 89 78 17 30 06 74 42 07 24 36 30 81 67 42 02 63 04 28 54 03 33 59 63 82 84 57 25 79 93 17 67 57 16 97 96 29 43 87 96 08 44 88 78 25 50 42 84 61 38 35 68 35 42 23 35 36 48 58 12 38 72 35 77 74 34 45 46 14 67 04 40 40 02 00 31 23 58 39 43 05 52 77 55 01 53 57 28 83 11 56 84 51 13 84 81 66 20 96 67 08 17 45 13 04 94 69 50 04
 49 85 12 03 59 66 34 53 29 98 64 56 55 21 93 48 81 57 29 13 55 04 30 34 02 66 10 64 28 64 43 82 77 81 34 97 52 45 28 10 62 63 64 38 68 87 39 02 13 76 97 02 05 86 80 25 49 30 99 01 38 87 02 51 72 28 14 95 50 31 36 32 84 85 32 76 18 70 70 82 57 15 90 25 34 24 66 66 77 01 70 86 26 56 62 02 45 03 98 28 67 79 22 18 02 65 60 16 58 18 06 34 45 30 89 01 33 94 97 52 01 65 01 84 30 17 90 62 17 59 68 36 13 74 32 29 67 57 61 74 53 81 85 88 80 26 12 19 83 21
 18 73 51 70 56 83 06 75 88 70 80 50 73 77 13 48 40 40 53 74 31 22 35 13 37 84 60 45 03 09 40 54 20 30 26 00 06 42 53 62 39 59 75 83 79 55 53 20 08 09 74 18 25 03 76 90 83 31 20 76 45 43 40 72 63 67 65 66 68 72 47 10 59 82 98 92 47 85 53 62 84 82 22 40 67 70 98 59 59 87 99 97 99 49 35 14 35 34 50 28 82 36 08 73 88 51 30 38 31 72 63 92 16 12 26 17 86 51 94 09 60 60 37 36 69 59 54 31 30 75 30 35 04 75 92 52 97 07 95 36 05 19 85 88 94 10 41 65 67 40 83
 71 17 44 88 58 90 82 83 63 49 37 69 99 21 63 03 63 26 09 42 06 18 63 20 30 16 18 59 65 40 11 92 40 95 71 67 80 40 99 80 45 38 08 23 86 05 83 37 14 45 55 45 46 64 33 37 64 83 09 49 22 83 54 51 17 14 90 20 07 83 81 01 35 32 76 37 37 74 26 44 21 37 24 42 35 90 31 72 99 14 12 15 50 56 44 28 91 98 74 13 98 28 37 67 68 41 21 74 12 94 23 21 42 10 42 85 55 18 42 51 16 86 56 88 70 59 31 79 27 50 52 55 49 22 87 43 34 55 19 58 56 96 93 26 32 35 75 23 48 95 66 32
 13 06 51 33 53 14 48 23 95 48 60 38 11 59 53 51 81 68 84 57 99 19 23 19 34 02 51 08 84 74 78 80 71 97 80 92 67 72 60 51 11 66 24 06 26 25 83 99 45 36 27 75 72 86 67 26 86 11 96 26 67 12 12 63 44 18 29 40 65 47 20 49 18 29 64 50 89 56 96 44 02 59 44 82 50 90 78 31 56 77 07 54 55 97 65 75 76 06 30 78 88 74 64 51 75 80 24 27 39 28 54 75 48 77 26 60 24 25 53 90 01 70 40 37 18 01 36 77 42 43 42 41 99 86 23 20 83 80 31 00 68 75 54 24 04 10 95 83 92 21 16 71 54
 73 32 00 08 51 78 77 13 47 42 37 39 30 63 48 35 32 67 10 60 23 55 94 41 05 67 10 84 21 18 24 33 72 44 72 58 36 89 18 48 88 56 09 10 93 51 85 81 27 84 68 58 55 17 27 34 15 37 13 99 72 63 62 73 58 21 50 14 32 11 06 11 32 02 22 77 62 43 93 35 21 25 72 48 01 76 79 45 11 92 29 79 46 61 86 93 73 96 71 81 52 74 55 11 07 69 76 06 06 99 19 87 29 87 53 70 49 41 37 22 02 46 30 02 88 07 21 72 62 99 27 97 20 43 55 68 95 12 42 18 85 20 05 60 50 96 43 63 88 10 48 30 95 03
 27 01 79 79 80 65 65 02 87 39 79 11 74 04 49 78 25 69 81 20 09 76 16 13 68 21 69 18 79 02 75 41 90 09 40 69 55 37 24 90 62 42 11 02 76 61 34 57 51 60 54 06 64 56 62 68 64 85 94 12 02 23 04 25 04 26 44 31 37 20 19 48 78 56 90 04 69 38 94 48 80 65 29 99 49 40 29 08 25 56 28 40 03 26 56 45 38 16 66 61 49 00 30 84 88 15 59 32 76 62 46 69 39 93 98 72 00 39 83 85 69 29 44 74 17 28 70 74 46 26 53 00 16 29 21 69 97 44 33 05 30 77 94 73 93 64 58 13 30 01 64 55 31 61 78
 60 83 78 27 55 95 27 13 59 55 55 54 03 24 79 21 60 01 59 73 97 23 20 65 18 86 16 62 13 83 57 25 83 35 39 57 18 11 89 45 69 88 84 19 11 81 20 81 80 36 59 15 42 42 54 16 02 27 29 11 44 75 81 50 66 02 91 67 06 56 69 74 62 86 69 99 61 75 06 93 58 34 66 42 65 35 67 59 39 26 98 13 06 07 97 26 90 53 59 96 47 24 33 28 73 31 10 56 01 44 17 65 75 42 03 79 08 16 54 27 28 97 57 91 35 20 31 99 40 45 65 94 33 72 03 30 64 07 01 38 36 12 97 53 11 79 39 02 43 18 04 87 83 48 18 54
 71 14 59 76 75 16 11 27 38 64 22 20 78 16 81 18 10 67 06 18 80 77 33 00 50 05 36 35 46 60 94 03 21 93 19 39 25 88 78 06 45 47 47 95 15 19 20 53 33 72 94 00 83 56 97 69 13 10 56 93 27 91 44 48 32 33 50 86 12 05 57 41 18 55 77 87 36 00 35 70 18 89 05 17 98 24 89 29 43 95 35 46 68 99 46 60 00 76 53 89 93 90 04 22 82 26 86 50 88 58 15 77 51 42 98 96 81 91 30 64 31 40 20 99 33 01 96 43 98 46 85 89 35 29 14 21 35 60 99 85 56 20 92 98 82 95 01 19 07 22 42 92 19 55 65 63 26
 44 28 31 35 97 64 08 09 83 29 22 85 86 87 86 44 82 15 33 44 56 84 06 22 05 20 54 97 17 85 53 23 16 61 15 30 76 12 84 07 17 65 79 15 67 82 04 71 77 68 48 98 10 61 08 30 48 14 33 33 31 39 31 43 66 77 84 23 20 17 41 95 63 67 89 62 25 22 48 01 60 02 79 95 77 15 39 98 04 55 94 16 19 40 59 35 61 10 05 01 75 19 72 78 04 83 01 37 85 24 01 97 30 92 72 72 89 50 28 94 12 89 52 32 31 80 80 93 65 75 20 57 37 27 57 99 81 73 46 52 56 74 70 94 65 27 42 72 97 62 90 41 73 45 65 66 85 95
 27 97 38 11 65 68 21 54 98 58 28 36 86 92 28 49 49 05 90 18 60 81 04 45 31 03 45 29 48 20 23 38 57 72 65 57 22 98 56 79 88 59 32 62 01 91 96 60 21 46 64 30 64 00 20 13 75 90 65 37 17 66 06 95 07 86 11 48 91 32 01 39 94 79 16 12 85 52 12 20 72 86 02 45 90 39 41 53 13 97 93 96 57 19 20 07 75 58 99 34 89 32 93 38 74 67 47 22 84 77 56 42 41 30 09 48 40 28 57 96 80 57 89 31 10 37 15 36 33 00 07 33 72 10 09 87 16 61 75 29 44 34 40 55 87 13 46 31 62 66 84 23 56 24 04 57 95 41 71
 39 51 82 04 00 82 43 64 67 99 38 85 30 92 38 31 47 85 35 25 35 61 86 16 88 94 88 06 95 51 70 79 80 64 19 96 25 23 94 30 17 87 79 85 54 42 66 98 40 46 08 19 07 39 50 11 66 68 00 22 10 99 49 56 60 45 88 10 56 58 75 75 45 36 72 18 71 23 94 92 77 61 35 05 81 51 62 92 34 54 36 14 81 38 92 85 72 21 69 90 45 31 21 35 68 39 27 89 16 35 55 42 49 75 11 29 94 92 15 81 67 27 78 73 92 63 24 71 87 01 05 30 20 17 00 09 76 84 23 29 47 25 28 79 30 74 51 97 18 09 57 56 64 87 22 42 43 02 32 36
 54 34 95 27 87 94 37 71 18 48 82 79 22 94 47 88 57 15 41 89 21 37 84 27 02 15 12 61 98 87 33 24 40 91 08 53 45 40 78 22 14 08 62 98 01 28 44 85 13 63 16 98 47 54 58 48 05 44 00 41 47 42 82 42 80 74 20 66 41 60 63 51 96 81 77 96 75 47 00 08 56 65 63 00 35 76 49 44 53 64 25 57 98 07 90 21 63 49 84 31 35 30 32 31 70 86 44 95 23 91 40 53 57 43 45 41 45 58 01 69 00 47 25 72 93 71 72 04 35 02 13 77 04 71 59 42 01 34 56 11 87 19 41 14 72 18 56 50 23 38 31 84 27 97 70 85 49 46 25 58 35
 21 99 72 59 50 04 05 32 42 74 67 75 41 69 64 34 47 96 86 84 92 37 67 20 27 18 98 25 53 25 11 47 05 53 30 95 00 94 61 15 72 49 21 95 72 40 52 77 04 75 97 22 22 50 41 67 63 01 19 13 46 49 15 87 96 66 32 66 69 27 55 79 91 70 32 01 11 07 28 73 65 39 14 46 66 96 31 84 66 31 77 52 47 29 30 06 36 99 86 76 93 06 62 18 68 32 39 78 47 72 93 09 34 21 66 39 34 89 45 68 85 35 72 73 17 20 40 20 52 03 01 05 97 88 25 01 79 33 70 43 85 19 74 75 85 20 16 41 67 54 81 69 35 13 47 60 45 03 91 74 59 51
 91 59 13 72 27 09 50 95 82 73 03 80 22 85 33 02 34 63 27 61 54 96 95 19 83 46 68 06 47 17 97 07 00 36 31 96 83 06 21 09 12 59 33 19 40 26 32 27 81 18 02 00 58 34 38 75 22 27 12 58 85 09 85 16 59 30 73 72 58 15 34 06 66 86 61 45 29 18 89 01 27 84 47 71 42 02 77 96 12 02 57 55 01 59 06 16 64 47 89 42 11 43 46 55 29 36 60 45 66 18 14 54 91 86 39 00 16 25 49 57 81 41 31 68 51 73 14 78 72 59 84 54 65 11 70 79 94 15 41 49 01 31 88 41 04 07 68 86 87 37 07 70 29 77 25 57 11 44 66 72 39 71 59
 71 97 17 35 07 26 08 36 17 84 60 56 69 06 24 45 63 11 01 56 93 56 17 38 30 66 52 78 57 64 21 92 00 61 31 80 37 44 59 01 44 12 73 54 52 52 66 36 97 71 67 94 69 03 89 40 10 21 00 12 93 72 01 32 46 25 01 61 42 31 71 45 05 07 97 45 81 61 00 29 04 91 41 99 76 27 07 67 37 38 69 79 81 13 04 21 93 47 91 98 80 66 37 85 11 12 37 96 34 76 42 10 88 59 90 21 16 95 57 36 89 99 00 72 31 96 02 45 11 63 52 32 48 86 96 24 97 20 22 68 99 54 89 82 14 90 66 14 23 09 21 88 35 94 02 29 48 34 33 08 81 07 98 15
 48 68 04 57 33 19 72 42 27 86 80 97 99 00 53 84 93 49 11 55 06 29 80 06 46 28 33 26 58 57 31 28 86 38 48 00 60 72 95 56 06 34 82 18 26 16 50 68 44 46 40 49 95 71 98 93 91 66 78 53 43 99 69 14 90 07 64 43 55 11 03 82 70 95 99 01 92 08 64 34 02 80 10 86 81 02 54 44 64 54 58 28 94 22 15 47 57 27 01 33 11 67 57 19 19 94 07 13 74 42 40 06 04 98 32 17 77 11 90 30 48 66 76 49 54 39 43 15 26 80 89 74 54 14 40 10 74 01 14 58 19 61 10 18 37 65 62 07 05 04 25 30 46 24 65 73 06 29 12 39 68 81 51 58 77
 51 45 93 55 65 43 47 66 96 68 88 90 33 70 16 94 44 10 31 21 98 42 32 53 02 03 11 15 16 30 23 01 94 01 64 82 84 46 77 84 88 71 19 44 37 32 25 05 10 09 63 55 38 77 92 24 99 80 54 97 02 37 25 64 06 10 77 00 98 35 45 45 53 67 29 76 19 44 71 79 86 08 59 47 24 89 16 05 04 84 14 20 67 38 50 30 46 23 62 37 95 44 82 11 57 40 96 93 72 63 18 12 72 45 34 20 42 71 68 92 92 40 75 58 61 50 37 24 42 30 73 72 63 12 16 57 26 90 42 91 14 76 46 52 23 66 95 64 92 37 34 72 95 97 93 75 93 76 38 99 89 80 53 47 45 94
 55 09 72 32 26 37 82 88 72 24 11 10 70 00 12 94 72 28 97 91 65 69 86 54 93 17 81 26 31 86 36 98 97 16 54 21 77 80 55 41 87 81 10 13 72 71 32 38 82 71 52 36 13 46 62 37 37 62 52 95 45 52 96 39 69 39 57 04 42 82 02 52 26 74 08 39 74 53 52 77 07 92 26 29 03 14 53 98 29 78 56 81 83 22 90 32 87 70 96 93 62 76 51 79 59 54 51 40 21 99 43 81 55 46 68 99 80 03 32 56 04 28 65 62 55 89 53 93 38 75 51 70 77 51 86 18 09 94 94 36 63 99 78 51 47 54 01 59 30 12 75 33 57 83 95 49 89 89 84 82 96 63 18 06 46 60 70
 10 92 39 99 20 09 74 83 18 92 33 42 03 75 81 45 29 42 32 53 54 48 54 56 57 52 76 97 16 03 50 92 91 85 80 39 92 12 88 15 63 81 54 45 12 82 82 98 30 07 16 15 80 77 90 58 61 79 08 88 36 34 27 36 51 16 53 41 17 78 85 63 70 14 21 70 98 02 47 20 29 42 96 24 45 72 75 64 33 16 48 32 17 73 33 79 29 86 61 45 03 94 61 80 91 47 75 74 63 37 07 86 90 66 32 13 25 79 90 19 42 80 46 61 58 33 58 13 30 06 26 92 09 90 47 33 50 65 23 35 86 24 67 41 19 24 99 59 21 07 70 55 45 98 09 81 50 56 70 90 63 64 60 37 79 19 24 80
 61 79 00 89 41 53 00 13 67 21 23 54 59 79 80 33 74 72 14 76 57 90 76 98 07 19 67 84 96 65 66 77 76 52 40 02 30 05 69 45 67 76 40 06 01 98 18 09 46 62 56 42 11 88 07 50 05 19 64 50 65 75 03 99 60 45 86 62 50 11 71 55 77 98 86 63 95 47 43 19 97 97 12 41 44 35 20 14 80 38 31 54 21 19 09 01 86 90 22 00 78 49 10 19 66 95 04 66 45 02 23 01 42 12 32 82 32 01 39 52 72 49 86 25 58 70 19 89 56 88 24 31 84 51 91 81 16 02 86 17 99 83 18 33 60 07 64 27 75 17 06 96 10 11 83 41 86 11 65 25 52 35 43 22 72 45 42 87 47
 31 28 87 76 22 77 95 03 34 89 24 94 73 70 47 98 88 34 94 15 72 47 59 07 65 07 88 39 17 59 42 77 59 23 33 05 58 69 65 32 05 91 58 62 49 93 88 32 91 63 71 61 80 15 73 01 30 57 09 66 02 78 98 94 23 66 54 95 55 31 29 78 32 53 39 46 63 83 39 46 44 74 74 77 48 88 69 85 92 95 72 31 96 69 60 64 56 97 61 31 52 48 26 23 84 70 01 91 48 52 26 71 77 53 51 09 82 92 63 27 47 70 43 44 94 56 22 59 40 56 79 93 27 55 09 14 74 94 38 16 54 00 74 31 42 95 59 80 09 26 19 84 77 80 57 13 57 69 24 09 83 74 73 97 97 61 39 96 70 02
 57 40 74 25 34 58 56 44 55 94 38 51 99 04 21 03 39 31 97 06 38 81 26 83 93 69 36 07 99 71 30 88 60 32 94 53 26 31 66 78 06 71 44 03 40 40 71 53 45 88 95 35 76 85 72 52 54 37 17 36 33 84 62 80 51 88 71 99 13 46 42 98 23 01 70 35 59 07 98 58 33 11 35 14 24 00 37 49 33 47 90 99 12 34 11 83 65 32 33 48 94 02 95 59 29 26 66 79 82 46 99 69 55 26 70 33 02 26 36 26 93 15 69 82 27 05 70 48 24 38 08 64 32 24 17 16 42 49 43 37 91 25 70 85 75 45 12 89 48 68 80 34 37 88 55 59 01 31 14 65 21 84 70 27 91 97 49 97 89 63 53
 96 09 64 05 12 13 80 45 82 26 37 13 54 75 45 81 65 28 78 61 76 22 27 20 85 18 37 72 03 42 08 03 67 98 78 19 44 16 81 63 30 61 75 60 63 32 10 84 02 45 52 58 25 99 01 87 41 31 79 26 35 84 57 82 50 87 49 94 63 46 00 33 24 97 14 07 20 68 01 97 64 16 39 92 18 88 46 49 61 47 95 48 36 89 15 23 22 30 28 56 75 04 76 87 89 83 53 12 75 27 98 69 91 49 59 27 22 63 55 93 08 24 35 44 71 41 60 79 53 75 54 69 61 68 50 31 88 80 60 25 06 15 37 13 42 37 55 60 80 51 52 83 98 35 94 76 24 68 89 38 44 76 02 62 60 69 05 90 37 97 01 50
 83 99 27 74 04 24 03 11 52 56 93 67 85 64 99 81 20 05 12 51 96 15 54 75 73 76 25 64 54 49 95 20 51 29 98 23 10 94 43 34 86 20 87 98 68 27 30 16 78 81 46 90 92 57 01 31 92 19 84 25 30 40 93 02 44 90 69 79 00 86 44 47 09 97 52 92 27 21 58 18 82 31 59 32 19 25 59 37 58 33 62 25 22 76 79 30 20 77 41 53 92 37 82 99 44 69 88 98 78 91 13 01 78 33 16 65 03 09 20 05 39 26 79 36 76 92 01 53 22 92 18 19 86 42 59 55 55 68 78 02 59 31 74 74 05 72 68 22 76 86 25 02 34 69 60 15 73 21 23 22 68 74 48 09 91 52 30 00 11 35 12 54 37
 03 86 77 35 25 56 37 63 80 61 20 07 19 24 93 99 67 05 86 56 41 97 29 79 83 66 85 84 02 38 19 39 87 99 53 53 74 43 28 98 36 80 79 39 61 94 86 41 24 05 28 08 74 39 10 58 57 40 78 60 00 40 51 16 46 37 39 56 43 71 05 65 21 50 45 10 76 39 38 06 03 10 19 24 06 79 76 77 71 34 55 87 82 37 95 22 29 87 81 72 62 41 04 60 58 28 81 03 32 32 79 71 95 87 91 75 59 92 36 51 84 75 10 41 89 05 18 22 90 17 78 14 51 22 39 83 73 53 20 34 09 43 20 50 54 64 50 08 81 00 08 18 35 98 90 18 24 33 53 27 35 14 48 51 35 84 91 49 74 73 64 09 36 47
 64 91 06 31 00 90 31 58 63 07 79 25 54 53 58 95 80 54 93 54 19 10 79 50 13 31 57 89 02 02 62 69 43 98 81 70 98 62 72 78 92 50 57 80 64 61 68 53 26 05 13 91 48 95 52 81 61 24 31 30 67 61 50 37 85 75 77 11 35 30 01 73 05 02 85 21 88 06 84 80 91 78 85 72 60 40 15 84 52 34 71 49 01 39 96 81 99 97 39 05 39 74 95 25 50 97 66 00 42 93 74 11 99 01 89 81 19 83 28 39 51 90 96 45 56 49 69 38 95 08 72 34 04 88 84 78 58 23 37 50 48 86 54 20 76 86 61 02 15 61 95 61 72 88 72 10 20 41 84 92 14 38 73 33 49 37 57 62 09 23 26 92 19 51 09
 18 48 19 97 12 85 39 19 79 13 53 43 05 61 13 90 40 00 52 89 51 88 46 82 32 35 27 51 73 72 23 60 83 73 64 70 99 53 56 94 42 16 30 75 51 02 36 96 74 85 21 04 22 46 09 57 40 33 97 28 23 60 99 36 04 85 94 76 98 96 98 16 53 46 96 46 57 19 11 06 02 02 14 46 76 78 31 82 28 12 11 16 41 38 55 87 63 75 57 09 61 39 98 19 25 00 02 38 66 64 52 95 79 24 23 22 60 29 82 66 49 66 60 80 05 43 91 09 29 92 50 53 48 69 64 37 60 40 37 71 25 12 85 97 72 32 07 77 99 15 89 43 09 65 78 82 06 07 95 03 90 68 35 09 40 77 20 93 61 50 17 53 85 39 83 26
 49 97 63 78 69 21 46 26 39 77 91 98 10 96 38 58 00 68 69 37 86 27 87 12 59 18 00 61 23 12 22 20 94 98 22 21 03 36 49 85 85 12 97 54 42 63 94 52 53 70 61 29 61 46 76 54 72 45 25 39 86 20 56 06 40 62 67 69 21 04 57 38 32 94 69 97 92 41 76 86 88 63 58 09 66 42 19 80 87 75 76 32 70 17 27 98 34 23 85 09 80 07 83 85 46 53 77 79 56 50 10 41 09 76 52 48 36 45 10 38 66 55 75 33 10 98 92 13 28 15 32 35 55 67 99 50 41 48 45 80 94 35 25 56 41 27 13 16 86 74 84 75 75 18 92 64 08 94 81 14 87 83 32 60 45 72 78 62 78 12 26 41 10 21 71 35 02
 98 48 51 78 31 17 76 48 87 88 77 78 00 76 80 31 26 96 47 94 40 53 51 81 17 02 33 69 06 62 80 03 42 84 56 07 13 45 21 62 09 76 85 17 19 13 99 97 54 68 70 53 87 01 72 82 76 18 46 28 67 42 44 77 02 75 21 21 60 16 79 45 17 15 12 07 36 19 85 24 84 99 96 54 39 60 60 90 58 24 08 95 99 81 14 26 69 40 70 63 18 64 16 09 04 21 70 31 19 61 23 72 46 36 99 15 61 60 97 85 37 62 19 18 70 90 16 99 52 15 32 33 30 09 34 10 38 08 66 26 35 29 38 52 31 50 87 68 07 89 17 39 56 59 21 91 14 65 46 90 85 40 38 83 58 76 31 21 91 52 26 52 09 40 87 98 47 79
 68 12 02 75 32 58 31 63 88 88 34 51 26 64 49 66 40 31 18 49 91 48 98 81 48 90 87 70 77 48 11 96 27 95 49 00 75 53 60 86 39 28 45 42 85 12 25 91 62 02 54 45 94 55 38 91 83 66 38 07 11 58 63 11 43 12 53 39 82 33 80 90 81 56 30 92 67 18 72 12 68 96 22 07 54 25 42 81 35 95 81 33 54 45 03 84 17 40 79 14 87 24 26 82 71 53 26 61 57 68 24 18 61 78 17 37 82 41 26 24 89 59 26 27 28 44 58 77 32 85 33 88 49 14 33 44 12 72 36 82 41 70 20 88 03 93 04 36 72 88 48 49 66 97 51 98 30 99 67 24 40 67 59 73 00 24 54 85 60 96 65 52 88 07 53 30 62 09 93
 84 15 94 92 65 96 35 03 38 73 74 97 24 69 18 78 64 23 99 04 17 73 28 78 52 51 11 50 41 84 81 26 35 32 76 74 89 29 25 14 03 59 96 82 64 57 16 36 08 46 28 33 60 71 92 89 90 03 65 66 85 88 46 98 46 42 32 74 22 52 27 55 17 71 09 84 62 11 33 84 81 73 89 17 65 27 78 69 66 89 26 19 04 92 34 94 20 45 40 94 30 54 97 07 05 88 73 86 44 92 19 87 07 28 20 81 68 84 93 84 66 10 80 35 53 52 12 63 82 36 93 43 63 93 17 59 46 32 67 02 33 24 00 45 90 36 10 42 67 94 51 52 81 28 13 27 54 41 51 00 82 41 55 41 94 04 36 33 51 38 33 19 72 27 12 57 77 17 19 81
 26 84 84 34 48 94 12 95 84 42 14 73 12 81 45 54 82 29 48 29 76 41 38 57 73 76 52 93 46 13 23 38 97 46 70 38 19 11 94 52 81 69 76 58 61 56 40 47 63 65 85 00 41 01 59 62 82 88 57 03 13 37 84 29 78 51 01 63 51 06 54 80 76 18 62 08 83 63 09 76 63 44 42 51 95 45 01 17 81 26 06 42 73 50 43 94 85 94 63 50 26 45 38 97 54 31 14 47 04 26 69 83 41 36 23 61 91 30 31 79 04 40 52 29 60 59 39 67 58 52 45 76 96 56 49 68 36 00 81 83 37 65 67 41 49 76 15 29 93 46 41 50 85 17 72 23 31 40 54 69 85 81 79 60 44 89 68 24 85 84 40 53 36 76 88 00 23 18 83 53 04
 27 39 56 27 75 49 32 81 91 82 30 55 29 96 98 82 99 07 20 46 58 30 89 71 50 84 80 02 13 93 21 25 95 60 70 03 64 72 33 78 04 23 32 37 74 11 30 70 46 82 02 97 82 24 08 24 08 33 70 59 10 62 41 31 33 04 42 68 05 69 39 23 67 04 82 80 92 32 17 51 32 19 19 35 02 16 33 12 60 20 66 74 85 26 83 80 75 99 72 14 47 56 68 39 87 20 03 39 49 00 57 28 52 70 41 85 66 40 30 41 98 44 26 18 94 42 57 40 24 88 90 34 50 19 51 80 41 06 59 31 11 43 21 49 79 74 14 35 75 10 80 73 01 48 54 71 51 07 08 46 98 47 77 21 98 17 65 70 48 28 95 08 89 61 10 30 67 24 37 88 54 84
 67 32 79 79 04 57 29 04 40 79 96 14 99 88 29 07 80 62 73 08 10 60 01 43 42 95 84 73 58 54 44 61 94 24 33 67 19 16 91 82 66 73 93 61 71 15 97 03 47 25 49 62 51 44 67 93 67 45 67 57 09 50 30 89 31 85 40 33 81 86 40 42 78 44 59 76 50 18 53 54 93 58 25 72 36 35 19 95 96 48 03 46 49 39 84 15 76 57 67 19 01 20 99 71 47 43 99 80 43 46 58 41 59 21 45 83 91 02 44 95 66 61 35 19 44 86 39 42 47 86 08 49 19 30 10 81 47 41 25 62 52 00 13 16 49 02 46 15 31 11 50 15 22 68 92 67 70 41 80 28 05 49 47 05 44 43 68 83 01 31 50 43 32 81 21 45 11 02 80 15 46 52 55
 84 34 53 48 13 34 50 73 97 88 96 45 39 03 98 68 89 54 57 03 65 82 62 71 95 43 42 67 22 24 90 01 98 25 88 98 69 32 83 06 82 82 32 49 00 33 59 87 29 74 73 74 01 60 78 45 34 18 06 69 62 00 46 99 08 36 51 71 08 19 98 64 92 15 09 36 96 82 51 84 99 73 21 83 97 21 53 53 58 44 99 89 67 19 92 89 26 13 72 52 63 14 22 24 02 69 55 66 70 42 27 28 38 57 34 74 33 79 44 93 48 39 33 97 19 36 85 34 64 12 99 47 56 25 57 75 67 24 21 79 11 11 60 54 18 94 71 32 10 99 09 36 47 39 40 76 22 34 15 33 89 42 88 57 48 00 17 70 69 26 52 99 84 68 52 36 74 18 68 28 65 08 06 31
 64 22 06 04 92 69 84 63 11 18 26 88 10 07 85 89 76 78 92 77 87 89 79 96 46 52 21 84 07 35 13 43 02 69 37 44 79 42 07 44 95 54 69 79 30 26 96 46 39 56 04 51 34 74 52 23 53 51 88 72 82 75 74 09 11 38 40 78 10 92 37 28 89 67 11 63 34 88 44 01 04 54 19 31 59 05 07 37 90 80 24 28 61 75 68 27 70 74 38 51 61 16 24 16 92 18 79 41 39 15 18 13 55 46 10 14 49 30 23 56 54 09 31 97 48 55 08 60 87 30 06 47 46 15 83 99 31 69 47 92 25 02 59 08 82 82 93 23 02 71 55 06 84 40 41 01 27 37 58 71 27 30 30 89 42 63 03 18 79 70 81 06 41 19 42 77 67 03 48 63 08 54 05 47 40
 50 21 33 15 17 81 84 70 44 96 64 27 03 70 63 82 72 07 35 25 32 87 99 05 84 71 15 55 69 09 24 97 68 04 77 60 48 12 68 87 93 03 73 56 68 23 82 24 57 01 77 58 61 89 83 42 99 43 43 60 51 51 46 69 73 39 47 46 57 49 44 41 79 93 05 51 23 26 21 11 04 10 82 37 52 81 46 44 16 36 35 30 88 01 91 55 14 81 60 33 84 77 21 21 38 20 36 20 37 74 93 78 73 93 82 78 77 13 04 85 11 31 62 38 54 85 30 13 63 85 26 23 44 13 54 93 21 30 55 05 77 18 68 29 12 87 46 40 66 60 97 66 10 70 69 33 66 68 83 55 84 44 71 45 16 77 29 76 98 78 14 46 31 18 85 92 00 05 64 75 53 59 34 52 59 28
 82 72 67 75 94 72 31 43 75 70 58 86 70 50 87 61 99 79 49 20 95 06 02 47 50 07 52 66 64 44 11 13 51 76 32 23 38 79 76 36 43 46 45 78 75 82 07 80 38 55 15 59 26 31 55 47 75 25 65 38 74 65 49 90 08 09 03 94 43 89 52 52 00 64 31 57 78 82 62 25 15 81 41 82 72 83 82 40 21 18 99 40 11 78 21 31 55 91 44 18 48 11 27 29 07 44 44 61 25 77 40 90 28 95 90 06 10 92 22 53 64 18 25 84 28 29 13 85 78 25 25 90 80 68 06 66 06 52 90 61 90 20 46 09 60 55 17 91 40 90 99 26 79 78 50 79 53 08 38 82 82 53 30 10 52 52 49 01 87 29 01 80 09 16 55 11 79 59 42 41 51 18 98 49 70 75 19
 24 90 47 51 53 57 42 87 46 97 88 22 21 83 66 93 39 32 74 89 17 66 92 42 37 06 61 85 37 27 31 41 06 38 31 96 81 57 88 30 26 20 37 70 90 87 82 57 30 18 89 28 42 58 94 75 82 67 12 33 18 09 67 43 44 37 38 68 75 24 46 75 50 70 18 15 04 97 41 73 08 33 43 32 37 28 52 22 82 28 51 91 49 46 77 43 36 42 12 08 68 14 91 36 31 51 50 78 69 84 92 48 14 93 37 02 47 85 23 57 49 80 58 67 64 70 26 52 52 17 48 19 39 66 96 48 59 43 33 28 12 84 27 80 23 17 39 52 00 94 74 46 24 06 48 35 39 76 83 02 38 58 08 05 68 87 43 33 90 60 37 56 06 18 74 45 09 15 68 20 18 33 56 59 33 95 30 76
 82 99 63 94 48 40 68 45 03 65 49 76 64 23 31 73 26 35 06 16 47 94 94 96 52 58 94 25 61 79 92 35 56 20 07 79 05 89 76 76 63 04 27 39 39 68 26 30 32 82 83 95 29 96 70 73 46 13 10 95 56 01 12 09 18 96 82 54 83 74 51 18 62 91 67 85 59 70 48 71 70 93 10 82 12 52 82 29 18 47 62 37 57 07 90 56 88 21 06 92 15 35 93 10 54 77 42 45 44 96 39 02 05 13 30 61 91 69 30 33 80 68 20 61 43 57 13 31 40 01 99 92 30 26 27 79 13 93 38 93 02 85 73 93 77 37 33 14 89 42 32 69 66 15 54 60 11 69 32 47 22 63 56 56 04 87 68 35 27 87 16 58 71 51 09 97 78 83 97 62 84 81 49 98 98 61 59 81 81
 82 80 60 98 87 53 88 49 41 15 81 24 87 88 54 83 07 63 00 60 79 49 26 49 77 42 29 73 33 92 20 19 48 03 82 15 57 65 23 21 15 62 62 20 84 28 39 51 21 99 97 63 89 54 18 30 80 53 32 71 66 49 42 90 46 19 12 96 49 25 77 51 89 45 26 94 49 01 97 88 94 60 85 71 50 27 51 33 14 00 60 93 76 55 27 39 24 04 02 57 31 91 23 04 62 01 21 86 69 20 45 44 62 10 90 95 45 73 84 53 08 15 07 25 60 83 39 87 63 04 39 51 98 54 94 63 56 68 08 22 06 30 67 70 23 08 12 73 93 47 79 15 54 93 88 19 20 99 19 62 68 65 56 36 23 56 06 38 30 92 05 61 89 11 70 08 92 04 02 03 70 44 95 44 92 69 40 12 14 32
 10 49 80 97 70 64 46 48 13 97 34 75 54 73 24 15 67 06 75 63 57 98 51 12 00 67 21 26 57 53 28 69 98 71 24 59 38 06 71 61 80 26 75 37 11 31 30 16 84 60 77 14 44 68 81 91 07 26 32 21 37 73 80 70 83 83 67 64 50 84 03 07 88 12 14 10 63 43 02 99 95 71 27 17 49 22 63 72 43 28 64 40 69 66 41 17 76 10 10 20 32 51 01 05 54 51 93 53 75 93 99 60 75 44 29 65 50 97 82 89 34 17 95 72 32 04 87 82 14 88 06 87 86 72 61 31 91 82 74 90 49 23 58 42 88 97 44 05 12 20 48 30 20 67 42 21 26 70 71 18 12 50 99 59 50 51 22 95 77 43 17 82 21 24 25 93 89 00 89 85 16 82 58 76 92 02 03 28 27 22 26
 83 26 23 88 82 82 67 93 41 59 59 71 14 78 66 25 40 62 43 67 27 03 43 99 64 61 48 12 24 67 78 88 82 53 55 18 79 73 47 14 69 79 46 01 12 97 45 42 07 71 22 20 24 47 67 60 73 39 94 25 16 35 29 45 35 51 71 96 16 81 55 34 91 27 44 31 85 13 56 38 35 51 58 06 61 54 73 77 40 59 97 28 82 12 73 15 74 78 45 32 87 93 09 18 04 14 80 15 90 12 90 83 50 07 31 01 66 87 17 01 96 12 99 68 04 20 79 39 60 70 05 01 20 09 29 78 88 74 45 39 23 50 65 25 36 51 49 30 78 12 96 93 30 10 70 21 22 03 72 14 27 33 61 38 16 52 98 28 36 95 09 34 36 87 66 71 46 60 36 14 48 71 79 42 74 75 85 66 12 34 45 38
 55 58 55 50 05 09 59 67 03 62 50 32 78 63 27 01 32 56 45 56 59 81 64 07 23 53 14 00 86 40 93 82 59 75 38 57 36 84 33 83 78 41 10 29 62 84 23 07 03 16 01 36 75 58 53 87 63 53 45 71 29 62 81 98 12 16 73 58 80 88 58 84 89 76 86 88 52 41 00 53 06 03 63 43 12 62 63 14 45 10 33 35 42 28 21 36 87 14 61 20 72 52 60 54 27 14 31 57 84 54 19 63 34 22 12 27 34 74 51 71 63 75 64 44 30 62 91 97 29 20 96 96 64 57 44 36 96 63 90 16 07 33 33 34 56 08 72 78 82 92 76 36 74 27 58 52 00 12 70 07 44 50 37 62 18 96 12 37 90 61 61 51 44 76 84 72 74 27 41 27 12 53 69 51 32 14 84 48 90 03 94 18 27
 56 15 86 05 65 07 55 89 79 73 48 87 83 29 55 06 12 63 73 74 86 50 13 54 15 09 20 28 21 52 30 95 17 58 13 53 66 79 43 91 52 99 14 15 97 87 19 91 22 11 39 07 78 48 96 04 30 68 34 01 10 88 44 67 64 41 87 93 49 77 81 58 23 84 28 31 74 13 72 22 19 09 47 63 78 62 92 10 92 61 46 69 08 43 34 51 20 67 86 57 67 70 89 93 25 11 07 29 72 00 30 03 81 64 24 51 19 41 80 01 07 71 35 85 98 15 49 65 77 66 90 78 67 86 54 40 79 77 06 88 69 98 79 29 34 36 26 12 63 86 20 68 19 12 62 56 89 46 34 85 81 24 70 29 97 82 89 09 22 05 38 83 06 66 64 96 04 24 92 18 78 81 70 54 97 99 55 14 20 32 85 07 62 34
 05 83 43 36 09 30 59 76 23 33 51 47 98 28 07 84 26 89 34 53 33 66 48 45 17 26 88 59 20 49 72 73 20 97 91 65 43 21 35 88 57 59 94 64 04 38 53 65 91 45 25 44 19 13 57 79 61 20 03 69 78 64 60 04 53 22 07 66 61 99 41 41 08 83 62 45 71 07 76 77 47 78 23 22 46 70 54 95 68 39 70 39 48 89 64 04 46 38 57 86 30 94 40 41 42 39 62 73 46 93 96 76 97 46 43 13 54 65 95 22 72 17 90 00 14 10 30 14 58 14 34 13 98 09 14 35 63 15 47 58 46 62 99 84 67 00 46 47 47 93 82 17 69 88 90 69 32 60 60 21 07 92 22 95 96 91 44 74 93 20 07 39 92 41 47 24 07 27 63 48 67 52 03 91 52 10 80 09 31 35 83 52 34 00 84
 81 73 30 11 88 58 75 90 03 75 07 05 88 23 25 39 35 83 08 88 49 65 21 28 21 34 41 43 09 97 81 68 91 47 89 21 00 21 30 39 40 39 88 06 24 27 00 11 51 10 82 05 65 96 17 69 51 10 61 29 15 81 57 47 06 91 51 57 60 19 02 60 11 97 97 27 51 13 89 02 20 54 63 72 77 79 53 32 27 51 53 10 97 41 16 76 89 37 96 56 99 41 44 18 51 68 87 00 00 64 04 46 27 79 48 94 06 29 79 92 21 66 62 14 80 69 16 80 23 04 02 07 14 19 36 47 94 35 35 45 78 78 10 35 22 02 00 29 03 03 83 57 37 12 72 16 23 82 24 64 83 61 67 82 78 57 00 99 14 38 48 25 56 19 15 97 54 09 42 74 21 85 80 62 19 39 72 63 66 36 75 48 27 99 64 84
 73 70 40 05 10 82 95 29 86 97 01 85 19 02 66 81 10 92 07 08 92 66 48 15 05 71 56 28 14 45 16 24 46 60 12 71 97 76 61 83 37 71 65 10 47 63 72 96 34 09 60 09 17 81 06 18 01 72 15 64 46 89 90 23 93 11 11 92 32 95 32 76 65 76 91 81 05 53 32 23 26 51 38 78 85 69 16 98 00 61 02 85 35 38 34 38 71 13 90 97 63 65 03 25 97 75 54 84 26 25 77 08 47 41 31 26 21 53 77 81 90 13 19 32 98 02 16 13 24 03 98 12 06 81 04 52 48 39 35 77 64 70 09 60 91 26 18 92 28 80 15 37 73 95 13 12 74 97 07 53 50 43 51 55 37 38 62 94 62 49 72 14 77 85 42 86 03 07 95 02 41 10 04 53 74 32 82 87 64 76 77 30 77 14 16 52 24
 95 79 34 73 21 32 93 29 69 60 52 24 98 34 44 18 48 04 24 63 98 11 85 03 86 26 08 75 35 37 79 69 64 45 61 99 63 09 29 21 37 12 79 61 12 56 71 52 92 36 76 05 29 31 34 50 46 27 89 89 14 65 28 87 22 60 48 52 52 42 55 49 67 20 50 86 69 37 38 03 06 73 10 46 65 06 23 04 59 08 97 96 16 32 99 01 46 00 67 81 35 70 38 80 64 15 52 52 30 37 47 64 20 63 72 03 18 40 88 53 35 50 74 90 64 40 20 69 76 93 13 34 56 98 36 60 62 07 39 45 56 53 32 45 57 67 49 04 57 14 25 32 55 10 08 89 53 75 83 32 03 28 67 50 15 97 63 41 32 66 21 49 93 98 64 85 80 34 86 27 26 44 20 26 46 76 84 68 06 51 16 86 83 86 77 72 36 26
 95 42 32 42 78 46 80 02 76 89 69 92 35 88 84 68 14 81 89 41 62 20 38 76 74 83 69 99 65 86 80 78 87 21 76 95 99 34 84 46 21 88 19 69 23 37 74 55 89 47 51 01 74 36 56 40 53 57 78 27 62 88 66 56 22 90 22 63 42 73 57 11 52 27 64 37 46 87 05 40 76 50 40 83 56 13 81 34 35 67 75 68 61 70 25 66 87 36 97 51 31 58 24 58 21 75 30 80 92 63 75 81 92 80 84 96 94 92 93 90 54 76 90 93 03 39 81 43 71 81 36 40 61 14 89 33 16 63 07 89 82 87 08 48 01 11 41 04 03 12 01 49 89 47 48 93 85 51 51 94 84 61 50 27 42 15 68 91 09 45 49 81 45 69 21 34 98 44 28 29 28 93 46 48 75 71 38 72 89 82 71 77 10 33 24 90 60 31 53
 58 40 81 99 45 08 45 11 82 21 72 75 75 71 48 16 41 55 09 96 45 43 11 55 91 76 03 30 71 69 99 91 00 16 55 39 09 20 19 74 54 89 76 10 77 40 14 94 36 39 73 18 76 01 40 67 03 53 80 77 95 02 20 95 34 47 07 66 33 93 47 44 10 57 42 60 81 27 09 32 63 97 22 00 30 54 31 27 95 80 59 72 02 10 77 80 52 97 93 88 34 76 39 57 21 05 00 87 41 08 17 46 67 79 84 95 57 57 70 35 35 07 27 17 16 26 82 18 77 60 77 52 22 48 81 45 01 51 98 41 45 73 97 36 20 54 08 05 99 93 57 31 74 75 88 31 26 57 48 25 43 73 37 92 79 40 91 47 68 82 89 41 65 70 15 38 64 80 36 92 22 50 23 64 70 09 25 86 08 92 84 71 94 36 05 06 43 75 95 51
